173416 124543 0 0
0 0 1226466 162066
563988 747969 0 0
651128 737404 0 0
0 0 162066 62332
怀 242 184 132 24
浚 0 13 4 0
茂 0 114 47 43
耀 11 115 25 35
涉 223 50 165 7
谈 1748 591 1348 277
伊 1393 541 12 100
随 911 200 48 3
挂 191 219 29 0
抗 364 262 216 22
料 5 193 2222 14
微 273 233 30 18
亟 43 4 0 0
洞 36 206 65 0
造 1227 185 2000 243
瞥 0 1 11 0
瘤 0 16 59 0
骧 0 2 1 0
缪 10 45 2 0
般 0 138 502 15
蚯 2 0 0 0
潜 359 44 53 0
河 657 587 344 21
欲 4 116 15 26
侵 447 82 59 0
临 357 140 382 0
犷 0 0 11 0
然 677 196 3257 347
吸 609 44 32 0
场 371 1022 3527 49
宽 95 179 63 0
线 118 534 1586 57
黛 0 5 1 0
反 3128 597 407 24
牌 54 262 385 9
盏 2 14 2 0
科 5433 577 737 378
筒 0 30 8 1
苗 155 148 97 2
庸 14 25 15 0
摘 103 92 99 0
话 138 604 2162 73
赞 592 65 143 3
凡 97 216 55 2
卢 99 183 4 1
知 1583 252 791 27
除 429 459 835 2
巩 223 3 0 0
惫 0 0 7 0
罪 93 130 337 103
揭 306 26 0 0
扬 57 154 738 24
馅 0 1 2 0
衰 36 66 53 0
泳 0 46 108 3
蹴 0 6 0 12
其 2887 1695 768 82
闹 115 94 75 6
驼 2 4 17 0
绿 405 205 19 1
渔 155 112 7 88
扇 0 62 24 0
萃 0 7 3 0
暄 0 4 2 0
覆 117 17 8 15
沈 359 136 0 0
》 0 4632 0 0
辊 0 5 0 0
匍 1 2 0 0
湃 0 0 11 0
睬 0 0 12 0
颐 7 4 0 0
引 1845 182 292 47
应 2325 1479 1489 85
枚 0 252 6 1
灵 235 132 123 2
泄 1 35 0 7
儡 0 0 18 0
滤 0 26 0 0
假 116 244 200 41
崩 6 32 0 0
循 99 42 53 34
芬 128 128 55 7
是 533 25473 6802 73
械 0 12 338 105
讲 1066 993 137 1
废 210 260 13 0
刷 33 43 59 8
冶 119 24 17 1
咸 6 36 0 0
砻 0 1 0 0
贞 0 45 10 12
骼 0 9 0 0
鸿 0 81 8 2
胀 0 12 131 37
琉 6 7 0 0
视 332 185 1725 471
俊 0 78 11 23
契 0 62 11 0
磐 3 0 0 0
寒 145 132 80 3
录 234 180 572 67
黔 3 54 1 0
典 200 88 464 80
教 4428 451 497 398
跻 8 1 0 0
也 280 8229 47 39
艾 100 153 16 21
囤 0 3 0 0
秦 92 115 1 0
峨 21 5 0 0
括 0 2 1016 0
景 185 190 483 88
潼 0 5 4 0
熠 2 8 0 2
诲 0 3 8 0
滴 0 67 9 0
凶 17 44 0 0
畹 0 1 0 0
铸 43 46 0 1
须 4 105 1444 2
基 5011 395 132 574
广 3324 280 440 37
巾 0 24 13 0
漪 0 1 4 0
沉 232 101 64 3
醋 0 25 0 0
上 4874 9997 3785 124
后 1247 3802 4066 44
频 92 96 0 0
餐 75 65 52 5
底 23 429 598 4
４ 1635 1783 427 1237
默 74 71 123 60
蒙 116 195 58 145
攘 0 25 0 0
售 118 139 672 62
辟 0 34 197 0
厄 9 94 0 2
疣 0 2 0 0
箧 0 1 0 0
岩 40 104 7 0
茬 0 19 0 0
枯 14 36 4 0
胜 428 305 379 41
袱 0 0 35 0
椰 11 6 0 0
足 480 174 918 32
伴 65 46 138 0
痒 0 5 1 0
馈 0 9 39 0
钹 0 1 0 0
甸 0 19 43 8
离 644 306 545 15
鬼 0 35 0 0
渴 53 40 3 0
胁 4 1 215 0
灿 28 88 49 9
框 36 10 14 0
泉 0 234 84 3
凋 1 8 0 0
罩 0 24 14 0
壑 0 5 1 0
绕 6 42 158 0
赋 66 19 7 0
虚 114 94 24 50
迟 41 70 80 0
郡 0 6 0 0
谑 0 4 4 0
嗣 0 2 0 3
牢 73 23 20 0
坤 0 39 11 6
柯 10 59 1 18
跳 197 162 4 0
轴 1 53 0 0
号 167 562 332 1
灶 2 51 6 0
啸 0 25 3 0
移 98 124 276 9
贾 47 177 1 43
忿 0 2 0 0
老 1428 1519 196 138
膀 0 4 10 0
节 1440 545 1178 348
蘅 0 0 7 0
构 166 108 1556 12
消 1813 72 190 0
厌 0 35 3 0
咎 0 10 1 1
堑 0 8 0 0
耙 0 3 0 0
窒 11 1 0 0
帕 91 164 2 9
羔 0 5 0 0
茗 0 2 3 0
肖 103 85 3 0
棕 0 11 0 0
褛 0 0 3 0
濮 7 2 0 0
伟 211 221 112 26
倡 149 6 196 0
冠 425 69 56 1
锣 3 25 0 0
惆 8 0 0 0
颦 0 4 0 0
渝 1 32 2 0
思 2543 257 409 439
纪 1468 151 575 214
术 33 82 6141 402
撮 2 0 4 0
踵 0 1 3 8
猷 0 3 14 0
吹 21 106 129 6
稽 0 19 0 3
精 2473 325 15 7
蕃 0 6 5 0
拂 0 22 0 0
柄 0 15 1 0
歇 6 39 2 0
汉 244 358 269 108
珍 318 171 6 0
克 342 1032 1329 905
今 5235 182 776 50
前 2465 1801 4542 60
双 1469 591 27 9
坏 56 156 398 0
塑 226 68 134 1
幕 0 42 471 134
翔 0 64 28 0
湍 18 1 0 0
几 770 2734 304 46
镣 4 0 0 0
桐 0 37 3 0
巨 497 101 99 0
绪 0 40 168 2
扭 101 98 0 0
杯 55 295 87 0
卷 30 263 38 0
妨 84 2 21 0
闸 2 72 0 0
固 352 114 280 9
驽 0 6 0 0
导 772 504 3999 1074
脂 10 28 11 0
萄 0 2 71 201
辉 43 94 92 13
丈 80 27 0 0
再 521 1041 291 17
侃 5 3 0 5
咏 3 24 0 0
霎 5 0 0 0
库 112 317 215 97
砂 0 64 4 0
尔 78 1533 1162 1481
挖 140 123 10 0
炮 137 99 163 10
沟 77 105 44 32
伞 0 48 4 0
删 10 7 4 0
嚣 0 14 10 1
鄢 1 0 0 0
碧 20 42 0 0
符 385 43 23 3
披 31 54 7 0
爆 268 119 0 0
躲 0 28 0 0
涵 1 36 48 19
水 2705 1391 717 84
町 0 8 0 0
禽 11 43 33 0
箴 5 0 16 0
蔚 10 30 0 0
所 2296 2851 1292 387
旅 878 168 24 0
摄 272 396 74 0
么 0 95 2471 176
勋 23 40 110 0
浊 0 6 6 0
重 5743 681 2313 80
灌 81 98 11 0
坎 32 50 2 8
结 3370 259 1402 135
渎 8 1 0 0
贻 6 16 0 0
佞 0 2 0 0
学 5942 1214 6129 2514
帽 35 37 9 1
臭 17 25 1 1
诱 25 27 13 0
倒 179 249 50 4
践 13 5 696 4
烷 0 9 0 2
培 1371 133 122 81
持 454 213 4243 103
技 4070 177 1589 341
彪 0 12 65 0
标 836 152 1131 213
殆 0 9 0 0
予 144 56 577 0
越 1134 599 603 71
雾 1 57 10 0
瞎 0 28 0 0
笑 74 276 149 40
庙 49 74 26 0
馒 17 4 0 0
岔 0 9 0 0
耗 45 115 197 2
８ 1118 1454 146 4997
袜 0 5 1 0
谟 0 10 2 0
辞 131 100 23 1
匡 4 9 0 0
加 4533 767 4594 669
锥 4 21 0 0
咤 0 0 0 3
宦 0 15 0 0
缩 155 112 262 5
悬 67 42 0 11
贵 321 218 298 4
霹 0 1 0 0
稻 38 74 119 4
尿 14 13 0 11
晃 0 19 3 0
臂 1 40 8 2
故 375 169 296 0
蓄 29 58 167 0
识 45 81 1986 352
酶 2 32 0 0
免 299 104 435 4
侣 0 3 9 0
城 1416 558 598 171
筑 9 53 446 100
秒 0 283 20 0
江 719 549 605 292
连 670 758 259 87
卡 275 472 183 18
狠 61 51 4 0
略 30 108 661 95
芥 0 24 0 0
彩 191 176 271 20
塾 0 0 2 0
扫 54 89 0 0
惬 5 0 0 0
乳 8 31 6 1
赵 575 566 7 0
廿 1 1 0 0
偷 42 74 31 0
叶 52 305 112 4
睹 0 11 92 0
相 2323 858 685 127
驻 368 544 64 0
好 756 3260 3157 73
屿 0 4 16 0
滁 6 2 0 0
愁 6 65 34 0
媚 0 7 1 1
争 804 265 2063 92
梭 0 23 1 0
王 626 1408 253 1
谊 0 9 395 0
抒 48 22 15 9
吃 200 736 38 12
疏 46 67 11 0
阎 93 60 0 0
骑 6 73 0 0
崔 20 52 1 0
或 474 1883 4 2
蜘 0 19 0 0
渤 18 0 0 0
趟 0 44 0 0
踞 0 2 4 0
务 79 200 5151 1418
匠 6 57 14 1
逢 1 49 55 0
钥 34 0 0 0
唤 34 9 47 0
莫 354 220 4 64
妆 0 20 8 22
斯 151 1498 625 2452
澳 1043 88 165 0
贴 47 116 162 1
冷 126 256 49 0
制 3259 783 4830 228
霸 0 45 11 0
礼 161 157 159 20
聂 161 45 0 0
擅 59 6 0 0
仉 2 0 0 0
友 1190 181 618 35
煌 0 24 43 0
子 388 1101 4425 175
硒 0 3 0 0
糕 16 13 11 0
婆 0 70 8 0
曙 16 8 0 0
毛 346 379 29 18
玻 156 9 0 0
跟 47 270 14 0
乞 0 10 0 0
占 492 1015 78 4
矣 0 43 0 0
哥 111 122 349 45
啤 95 0 0 0
绩 0 46 967 4
躏 0 0 6 0
惭 11 3 0 0
氓 0 14 11 0
普 1214 280 113 39
泵 0 22 25 0
赴 15 178 66 0
雹 0 21 0 0
５ 839 3066 7182 2250
寻 371 117 15 20
饼 0 39 5 0
掀 41 6 0 0
蜃 0 0 0 5
搅 7 22 0 0
薄 173 96 19 4
三 2821 3542 1164 710
辈 0 141 36 0
倍 5 415 54 0
册 0 165 91 9
嚎 0 2 0 0
父 285 58 12 0
３ 4003 2282 155 1155
墒 3 7 0 0
抖 0 19 22 5
昙 3 1 0 0
糅 0 5 0 0
榜 65 35 10 7
负 1451 299 167 59
圣 99 148 79 6
邢 9 17 0 0
琥 2 0 0 0
大 10970 5872 5862 2058
窦 2 12 2 0
徨 0 0 3 0
挫 60 26 0 0
粪 7 21 0 0
憬 0 1 0 0
支 1953 605 630 253
暮 0 30 0 1
记 4601 283 1154 96
状 735 105 194 22
嘹 4 0 0 0
扁 5 6 0 0
权 827 851 1247 103
殿 17 48 13 6
肠 18 58 11 2
义 358 396 6232 57
迈 152 113 7 120
泊 24 39 5 82
遍 74 81 509 3
里 577 2464 3748 223
畏 8 23 34 2
盎 37 1 0 4
寐 0 3 0 9
当 3984 1284 1588 158
厢 0 3 56 0
展 968 166 8519 257
拖 100 97 0 6
滞 49 48 3 0
珠 73 136 52 1
督 39 18 638 56
髦 0 5 43 0
荫 0 39 6 0
恭 13 14 11 0
蛮 5 16 10 0
橱 18 10 2 0
琏 0 2 1 0
佳 118 109 174 0
具 1637 185 394 50
矸 26 2 0 0
铺 131 136 4 0
顽 82 35 0 0
搀 6 2 0 0
肃 53 9 317 58
蜂 10 77 0 0
阀 0 19 34 0
栈 1 9 0 0
咋 0 19 0 0
鞍 25 26 0 7
抬 26 63 0 0
墓 16 120 53 0
２ 4913 3963 117 1509
宕 0 5 3 2
暗 29 80 37 8
鼎 8 30 0 10
‘ 0 1588 15 0
沛 0 33 1 18
挚 4 8 54 0
依 984 134 15 39
东 1424 688 1136 477
那 1908 1294 25 15
厥 0 6 0 6
判 173 153 1169 9
座 391 668 219 11
梳 0 29 0 0
段 19 459 958 13
嚷 2 9 2 0
锶 0 1 0 0
逸 1 62 2 15
区 470 1289 5485 43
徽 1 12 150 84
社 6560 322 7447 56
旁 52 121 52 0
胃 15 46 0 0
杂 327 143 291 2
爷 12 64 13 0
仇 23 14 5 0
浆 0 58 18 0
觉 311 149 366 62
案 332 306 1446 31
谴 141 1 0 0
归 209 273 51 0
敖 1 2 0 0
聘 80 99 99 0
泛 78 41 564 0
罢 90 47 0 0
保 3684 446 239 94
楞 0 3 2 0
嗡 3 5 3 0
面 1624 480 5924 140
句 5 260 34 90
继 1631 221 116 23
秩 196 0 0 0
碗 2 78 0 0
孪 1 0 0 0
傀 18 0 0 0
拯 32 2 0 0
深 2261 402 220 23
汰 0 10 79 8
裳 0 11 0 0
诵 3 20 7 0
雷 328 290 104 146
镶 13 18 0 0
凹 2 16 0 0
灸 0 4 71 5
系 1363 375 3780 37
忽 235 42 0 0
诫 0 3 31 0
竿 0 20 0 5
考 1451 161 282 9
茅 31 26 31 7
抄 0 56 19 0
万 309 3634 2327 372
袈 5 0 0 0
殊 0 36 344 4
霍 15 138 27 3
岐 0 7 1 0
徒 23 134 27 0
噩 5 1 0 0
肘 0 13 0 0
氛 26 0 228 0
溜 7 24 3 3
锡 7 91 43 83
拱 2 10 3 0
瀣 0 0 0 1
愚 15 29 0 0
帧 0 1 16 0
天 1230 2052 4156 171
墨 254 114 14 8
宪 519 67 11 14
札 63 6 0 0
石 906 565 261 29
墟 0 3 14 0
炸 84 85 270 19
聋 11 39 0 0
稿 33 140 146 0
蕴 43 15 17 0
拄 0 8 0 0
蹇 0 2 1 0
淆 0 1 20 1
驶 35 36 74 14
雌 0 6 0 0
野 139 173 111 31
蹦 0 12 0 4
孕 45 49 13 8
汛 4 11 0 0
觞 0 2 0 0
啡 0 0 109 0
遣 5 24 56 0
矢 2 15 12 3
勤 333 115 227 23
左 444 238 8 0
磨 14 106 33 0
葫 10 0 0 3
杭 204 21 0 0
良 547 265 453 4
泰 419 253 18 5
诒 0 2 0 3
陷 111 32 48 13
兹 41 113 66 6
罕 57 26 0 34
类 250 362 952 6
综 625 8 0 12
穿 67 208 59 0
滔 12 4 6 6
攀 59 74 0 0
昂 66 88 26 13
谆 6 0 6 0
岑 0 13 1 0
笔 126 301 138 2
林 560 995 1228 180
涛 0 78 73 1
戚 5 22 36 0
菽 0 0 2 0
唠 2 11 0 0
雏 5 9 0 0
本 4742 1343 4732 1106
嘉 5 127 3 29
串 7 99 16 9
琶 0 0 5 0
点 147 1344 3149 245
刺 102 121 0 0
纽 219 25 0 5
弼 0 7 0 9
宿 105 62 66 14
臃 0 8 0 0
担 637 149 394 5
过 2455 2381 4173 57
豆 53 106 31 0
棉 166 229 2 4
堍 0 1 0 0
雍 3 13 0 0
姓 48 39 72 0
答 237 241 326 0
爸 34 13 34 0
踊 44 0 0 0
作 5863 1599 9457 787
院 354 314 3490 125
忧 87 97 60 53
票 76 291 447 27
婪 0 0 3 0
走 616 1246 170 0
蹲 8 21 0 0
瑶 16 17 0 0
烹 43 7 0 0
酸 22 93 27 6
牺 145 0 0 7
绽 2 11 0 0
彼 103 45 0 10
寿 37 79 31 15
顾 529 232 425 49
搁 9 19 0 0
暂 172 61 31 0
沆 1 0 0 0
栉 1 11 0 0
锋 17 22 326 23
炎 0 78 27 1
少 925 889 2347 268
朗 0 159 682 17
’ 18 1589 4 0
洛 80 197 42 224
抚 26 70 12 0
丝 168 169 27 5
辜 25 5 12 0
弧 32 4 0 0
匆 42 3 30 0
馨 0 16 0 1
昭 8 57 97 2
振 288 240 11 96
肮 7 0 0 0
谱 27 80 8 0
亲 799 170 395 0
讴 17 0 0 0
鸽 5 18 8 0
揄 0 1 2 0
桉 4 0 0 0
览 0 21 288 205
降 368 237 487 0
协 2278 78 943 74
郎 3 42 55 0
屑 0 17 0 7
绒 0 41 18 0
蝗 0 22 0 0
恙 0 0 10 0
赛 118 464 2926 124
拚 0 127 0 0
九 487 545 444 607
远 371 471 507 43
俑 0 11 25 0
团 1426 541 1844 509
剥 54 53 0 0
古 740 504 248 54
峦 0 3 7 0
姨 0 23 7 0
柬 454 262 0 0
药 254 389 318 49
惮 0 1 6 0
仲 28 111 2 86
说 939 9252 1371 23
坷 0 1 32 0
银 1042 204 10 61
凸 0 8 0 2
勺 0 12 0 0
幽 69 49 3 0
翼 0 86 26 0
衔 17 15 17 0
极 424 357 1357 461
漆 0 104 19 4
殉 1 22 0 0
隋 2 18 0 0
同 6304 3169 2843 859
钞 8 10 0 0
猎 13 73 12 0
帐 0 128 5 0
弭 0 1 1 0
研 3953 38 1061 36
艘 0 190 0 0
战 3214 463 942 502
些 3 279 6885 66
脚 92 190 77 9
涝 1 50 1 0
谜 0 41 7 0
圄 0 0 2 0
瘠 5 1 10 0
劣 23 54 83 0
唢 4 0 0 0
冥 2 9 0 0
弦 0 61 12 8
太 636 566 38 126
断 49 213 1245 17
搬 44 95 36 10
肯 236 109 0 0
辱 2 20 51 0
丰 694 127 21 3
洲 12 103 2148 106
眶 0 5 4 0
券 0 16 272 0
麻 115 123 16 11
尼 321 675 114 553
鼓 677 169 2 28
渊 15 32 0 0
但 1136 3478 222 0
诉 6 264 388 2
痍 0 0 1 0
像 6 94 272 25
华 705 951 1158 6963
踹 0 1 0 0
髓 0 13 4 0
塔 72 374 38 103
杖 0 8 10 0
托 52 326 263 78
距 71 89 151 0
轶 5 16 0 0
裟 0 0 5 0
碑 0 76 44 0
燥 0 3 16 0
挎 5 3 0 0
彦 0 59 54 27
饪 0 0 27 0
旭 1 41 2 0
葬 0 45 30 1
惯 25 30 178 0
据 283 3232 1556 87
俱 84 27 0 16
买 77 616 269 27
瓷 26 71 34 0
靶 6 24 0 0
叹 18 30 63 3
鱼 77 300 167 34
签 695 115 97 0
蚀 0 21 46 0
悄 55 5 51 0
辆 0 300 116 5
怖 0 4 50 38
和 1609 28744 457 679
透 245 103 53 10
１ 14383 3542 725 1286
庐 15 3 10 0
娓 11 0 7 4
夕 2 30 221 8
折 79 125 142 16
丛 91 39 28 1
贝 422 327 16 110
跄 0 1 3 0
尧 0 49 4 1
鹰 1 42 7 0
蹋 0 0 2 0
骨 238 186 10 1
怯 2 5 0 0
漱 0 7 1 0
液 41 74 50 0
匹 7 54 0 0
粼 5 0 5 0
宾 162 121 383 39
汇 411 177 703 29
歉 0 22 26 0
陋 17 17 28 5
镍 0 16 0 0
铌 0 4 0 0
偏 143 175 14 2
网 176 237 82 0
岫 2 0 0 0
奕 1 7 3 3
浏 30 0 0 0
著 583 95 457 1
拘 41 31 14 0
湛 27 41 32 0
绎 0 32 0 0
诞 97 4 30 19
坡 0 108 132 1
因 2604 832 818 30
痢 0 1 0 0
入 505 488 3693 35
烤 6 50 0 0
孩 546 9 78 0
虫 0 87 21 19
蓬 71 17 115 18
息 13 147 1302 55
仰 18 14 59 0
矶 0 0 23 0
呕 17 2 0 0
幻 60 46 23 0
出 6452 2646 7961 284
顿 3 161 393 5
嗔 1 0 0 0
最 2977 1880 0 0
踪 4 33 37 0
誉 72 40 441 11
型 17 359 1387 4
锌 0 47 1 0
熏 12 17 0 0
０ 7220 7967 3780 2680
喂 4 46 0 0
斗 937 100 908 130
俘 31 3 17 0
供 958 402 1222 0
眠 0 27 4 0
带 1109 613 424 3
枫 15 14 0 0
堪 42 19 34 5
播 182 152 485 0
蔬 246 7 0 0
估 246 41 24 0
讳 19 8 5 0
梵 7 3 0 0
褴 3 0 0 0
喷 31 108 3 3
阶 640 23 69 1368
犹 70 45 0 7
庵 0 5 1 0
债 461 154 216 0
杀 69 154 133 1
情 2911 389 1828 63
掷 0 13 7 0
淇 0 4 1 0
埋 68 56 1 0
响 85 167 1279 101
界 75 308 3698 150
减 962 244 288 0
黑 482 247 7 49
罐 42 29 1 0
篓 1 7 0 0
磕 1 8 0 0
奔 122 97 13 0
旗 172 227 37 0
拙 0 21 0 0
进 8821 872 3843 26
聚 157 109 65 50
妻 101 20 52 0
纶 0 36 16 0
靠 69 636 320 16
口 309 555 2795 153
呢 6 691 0 1
煤 398 310 55 17
巧 42 118 41 19
嫩 3 32 545 0
拦 30 51 0 0
敬 97 111 117 1
笼 14 48 7 0
轰 168 32 0 6
汲 29 3 0 0
棵 0 95 0 0
闷 0 38 7 0
陶 101 103 20 0
卸 0 55 60 4
翻 274 185 55 0
尾 24 97 20 0
姿 44 30 33 24
驾 77 43 0 0
烁 0 1 19 0
范 510 140 515 117
蒂 3 131 0 40
者 0 1214 8043 44
了 936 32153 2107 18
看 1812 1438 430 0
名 1361 3652 1027 98
徐 247 303 8 0
粒 22 41 10 28
堕 18 6 0 0
蔗 5 57 0 0
暖 24 104 95 15
禄 0 18 2 0
掘 6 23 190 0
肚 8 34 3 0
鞠 19 12 0 0
匣 0 2 0 3
钢 433 290 171 0
冤 11 30 5 0
紧 943 204 319 2
麦 4 164 166 110
娩 0 1 8 0
末 25 237 84 0
搭 39 103 2 0
芮 1 7 0 0
辰 0 17 56 0
榴 0 18 7 0
男 633 319 1 0
隶 22 5 24 0
爹 3 7 0 0
鼻 26 21 4 0
尽 942 284 80 59
痴 0 24 3 0
荃 0 0 1 0
擂 69 14 0 0
浇 13 44 0 10
仆 0 17 17 0
苍 45 21 6 4
狎 0 2 0 0
硕 41 19 19 0
委 2937 318 2864 1118
佛 104 136 94 0
惚 0 0 3 0
汝 1 48 9 5
襟 0 25 0 0
埠 0 26 0 1
瓢 0 6 0 0
健 706 112 173 4
凤 37 106 14 17
寨 3 66 502 4
旬 0 18 201 0
拮 8 1 0 0
乱 6 388 273 80
述 76 112 716 0
零 231 318 12 111
特 3153 904 866 347
司 410 146 2352 33
彻 137 27 530 0
图 1123 864 420 59
籽 0 26 17 7
饿 0 35 38 0
要 2872 7803 7597 191
沃 13 99 16 12
疯 0 22 0 0
辅 116 39 0 13
脆 13 17 32 0
甭 3 8 0 0
序 58 58 363 7
崎 8 10 0 0
逐 781 97 124 20
钓 40 7 0 0
阔 28 29 204 27
肛 0 5 0 0
会 5757 2806 12843 3621
舜 0 1 0 5
晚 520 366 331 6
焦 83 76 0 0
吨 16 926 0 17
被 226 3177 20 0
训 510 71 831 156
躯 5 23 7 0
贮 24 36 4 0
尸 0 31 1 0
邻 121 29 34 16
强 1825 586 3032 26
弓 0 26 0 1
唾 3 8 0 0
见 435 577 2356 62
血 141 270 222 11
迅 391 15 211 0
拇 12 0 0 0
腆 0 2 3 0
藉 0 14 5 0
摈 6 0 0 0
磋 155 0 17 0
经 11772 935 1757 912
金 1073 1023 2324 298
遐 9 10 0 11
卒 0 12 4 0
毯 0 12 61 0
胛 0 1 0 0
悲 138 48 8 2
捐 116 47 0 7
敞 27 11 16 0
鹤 1 95 4 13
煦 0 10 2 0
周 1057 655 254 43
坪 0 37 2 0
语 259 286 422 20
浮 87 95 2 29
恰 128 50 64 0
晴 3 34 4 19
奶 52 58 47 0
僻 2 24 38 0
囿 14 2 0 0
椁 0 0 1 0
调 2811 407 1460 13
咽 13 4 0 0
验 70 61 1941 151
香 782 225 62 6
吓 6 21 7 0
隔 121 105 14 4
挝 0 0 31 0
芜 0 20 11 0
星 355 241 304 19
颠 42 8 0 0
客 661 155 693 8
弥 65 33 0 4
纤 39 21 21 0
甩 0 21 0 0
咨 248 7 0 0
檬 0 0 4 0
港 330 246 705 45
脱 402 127 179 1
莲 0 86 6 1
朵 0 85 21 0
暴 139 123 8 6
岸 25 80 326 12
逻 31 0 37 12
阿 1777 480 14 129
疾 91 82 8 179
检 1258 87 122 15
饶 10 30 16 0
诂 0 2 0 0
艇 1 60 37 0
臆 0 5 0 1
蕉 0 27 1 0
偶 64 40 0 0
嫌 5 56 0 0
鹏 0 61 167 0
兑 75 36 2 0
呓 0 7 0 0
遏 19 6 0 0
畸 30 7 0 2
浙 311 16 3 0
拜 63 63 42 16
晟 0 0 4 0
剧 281 245 693 21
哨 54 31 1 0
衫 0 21 20 0
淮 167 22 0 0
菲 254 122 69 9
更 986 2349 30 55
穷 34 151 147 18
饕 1 0 0 0
狼 3 26 0 0
袁 49 114 0 1
送 390 448 270 2
匪 0 15 8 0
溅 0 5 9 0
怆 0 0 3 0
馋 0 3 0 0
昊 0 12 3 11
窍 0 2 8 2
邑 0 14 0 1
划 81 130 2204 140
氨 10 11 0 5
栖 4 38 0 0
沙 283 319 153 48
业 799 553 14340 1498
芝 24 24 0 1
茜 0 5 18 0
搞 835 1226 0 43
倦 0 22 9 0
钩 2 37 151 0
用 1206 2641 6052 305
阪 0 50 0 2
侯 97 70 0 0
氮 0 40 11 0
朴 58 57 74 44
粹 0 2 30 0
冻 0 75 27 5
瞿 2 15 0 0
吾 0 29 2 47
裁 491 55 231 6
睡 0 122 0 0
跃 11 100 310 29
仅 132 655 984 60
纷 278 32 398 8
菇 0 21 44 0
聆 12 1 0 0
蓉 3 19 1 0
效 1095 115 1042 623
始 186 70 1734 52
筌 0 1 0 0
忏 3 0 0 0
郑 246 153 0 0
妹 20 26 39 0
嗓 10 15 0 0
牒 0 1 5 0
雕 197 71 44 2
诗 311 512 39 1
酥 2 7 0 0
奠 35 22 0 0
绥 7 18 0 0
彤 0 6 2 0
糙 0 2 11 0
哩 0 28 0 0
蹒 1 7 0 1
陪 125 54 0 0
俯 6 8 0 0
慰 143 17 61 0
色 129 451 1054 478
蝴 6 0 0 0
篷 0 26 0 13
顶 75 202 12 6
击 207 152 1012 246
畦 0 3 9 0
矿 338 285 315 3
清 827 777 333 15
澄 44 12 0 4
指 3170 298 55 49
肆 15 54 0 0
蚊 2 7 0 0
稍 9 90 0 0
完 2216 275 1 4
／ 0 1157 0 3
嘿 1 5 1 0
瀑 15 5 0 0
犒 0 1 0 0
袖 3 23 60 0
亚 562 630 2024 223
期 986 488 3237 201
撞 0 77 23 0
堡 14 112 117 2
鸥 0 12 3 0
群 2374 328 191 2
邦 103 135 273 260
溯 0 20 3 0
伯 54 162 372 113
釉 0 4 0 0
？ 0 2677 0 0
尹 11 44 0 0
纺 254 56 49 0
爽 18 23 0 0
邹 28 67 0 0
逡 0 1 0 0
赃 36 1 0 0
久 56 233 575 210
迄 118 5 0 0
胆 9 47 117 15
奋 383 47 156 279
富 413 297 944 703
勒 11 123 193 664
陕 270 14 0 0
埔 0 13 0 454
狸 0 1 0 0
淘 87 9 0 0
滚 18 46 23 2
菜 60 265 378 21
束 61 59 889 4
擞 0 4 5 0
卧 10 54 4 3
烦 22 21 73 0
门 330 801 4459 41
楫 0 1 4 0
雪 61 300 237 37
诬 40 10 0 0
软 129 92 10 0
违 664 68 0 0
眺 11 3 0 0
柴 113 115 14 4
筷 7 7 0 0
壶 0 14 10 0
养 336 348 918 15
建 8210 785 1447 560
睿 3 2 0 0
抱 38 159 38 1
言 257 375 724 462
溃 0 11 6 0
超 926 626 110 0
肇 11 39 0 0
蜀 4 2 0 5
骋 0 0 15 0
砌 2 18 4 0
缎 0 2 6 0
玑 0 2 4 0
嚓 0 1 0 0
儒 5 49 6 0
梗 3 3 0 0
辙 0 11 5 0
丘 0 54 35 9
抛 53 51 0 0
膝 1 19 2 5
“ 0 17777 0 0
管 2714 556 932 24
稠 12 1 0 0
尤 288 90 1 1
瞩 47 1 2 17
榭 0 3 1 0
莱 47 215 15 69
舰 56 91 90 0
苟 6 64 0 0
常 1470 329 1555 98
值 347 118 1278 24
霾 0 0 1 0
毁 61 69 204 0
镌 9 0 0 0
捆 5 23 0 0
立 1164 426 3621 113
蕊 0 3 2 0
种 1078 2459 4964 69
塌 0 35 0 2
鳏 5 9 0 0
发 14637 822 2353 180
酒 78 422 223 33
痕 0 27 4 0
这 13057 10235 0 2
湘 62 83 0 0
招 828 141 12 21
赚 66 33 4 0
蓟 8 5 0 0
寡 8 31 0 23
绣 1 29 10 0
奢 13 21 0 0
工 12742 620 3390 708
烧 53 178 49 0
卦 0 2 3 0
韩 57 126 0 3
器 168 333 1256 100
番 0 172 145 0
衬 8 38 4 0
泯 7 6 0 0
潮 78 117 372 0
艰 698 38 0 4
磷 14 17 0 0
幸 115 41 111 1
函 44 37 43 0
灼 4 14 3 0
七 944 721 525 369
概 176 47 70 0
有 8845 12482 8592 732
迭 1 23 7 6
程 568 157 2579 228
复 510 323 1107 52
小 2456 1894 353 552
美 5797 1762 737 280
冒 68 168 28 5
栗 0 27 4 0
殖 78 18 214 32
伙 106 55 33 42
亘 0 6 2 0
舛 0 0 2 0
辛 124 138 11 46
窠 0 2 0 0
鸣 5 98 45 2
倚 0 11 0 0
粤 9 28 0 0
厦 85 7 62 0
眩 0 5 0 0
胳 19 2 0 0
氯 0 20 0 0
侮 23 6 3 0
嘶 3 3 0 0
家 1726 1815 11269 550
弹 97 141 663 1
纸 35 240 409 33
刻 117 159 492 0
炼 24 74 175 0
乃 81 76 0 9
观 1635 272 1179 24
浅 5 93 1 9
廷 0 69 136 14
揆 0 6 3 0
蝉 13 3 0 0
屏 51 49 3 0
卑 13 26 0 0
瓶 0 129 0 0
街 221 193 163 4
毖 0 17 0 0
余 140 715 460 20
付 118 140 256 0
扛 0 12 0 0
跚 0 7 1 1
惜 0 33 247 0
章 96 308 696 71
另 378 548 0 0
革 1010 128 3936 162
雨 30 288 122 5
痪 0 0 34 0
赓 0 7 16 0
修 706 382 335 57
顷 0 10 28 0
役 0 57 75 5
绸 6 22 78 22
煽 55 5 0 0
较 369 917 806 0
葩 0 0 3 0
舆 214 1 0 0
月 74 1057 8870 210
宋 176 316 10 0
碍 4 17 275 0
匐 0 0 1 0
递 134 53 40 0
优 1958 196 120 51
谚 7 7 0 0
肝 31 26 0 0
斟 0 12 0 0
窄 0 30 20 0
粥 0 7 0 2
在 837 31903 4761 100
琪 0 31 1 0
袭 228 67 70 0
涯 0 11 30 2
花 633 1110 348 75
脉 33 36 39 4
娶 0 20 7 0
纹 0 42 8 1
缸 0 20 1 1
去 3312 2000 2249 6
尺 24 44 16 3
炽 9 8 0 0
礴 0 6 7 0
促 1165 62 103 21
桂 58 113 0 10
资 4603 97 2831 625
濂 0 3 1 0
蝈 0 8 0 0
摊 108 73 8 7
芹 0 10 8 0
畔 0 45 0 0
猸 0 8 0 0
仙 17 109 1 1
潘 29 130 7 1
嫡 1 3 0 0
筠 0 4 6 0
燧 0 4 1 0
毫 254 28 39 0
路 657 808 1880 141
贼 0 6 0 0
英 1252 515 93 58
柳 44 97 2 0
整 1442 139 858 16
究 106 36 2747 882
淄 11 9 0 0
都 24 5621 861 50
兼 93 332 0 12
百 474 552 2179 1643
谅 59 17 28 0
址 0 36 82 0
笋 0 4 16 0
砍 0 125 0 0
刑 211 136 0 0
炒 7 16 0 0
吕 83 129 0 0
碘 0 14 0 0
丙 0 72 0 0
” 0 17741 0 0
膜 1 52 127 0
宠 0 7 1 0
榆 21 9 0 0
瘩 0 0 7 0
贯 557 31 128 14
亮 17 290 124 0
舱 0 31 1 0
掰 0 7 0 0
育 105 168 3645 201
戟 0 15 0 0
夷 0 27 0 2
医 1637 213 225 17
难 1291 749 1171 65
酋 20 18 0 0
诀 8 4 9 0
裂 13 48 80 6
荷 180 45 27 1
拆 74 149 0 0
筋 0 21 38 0
惶 9 6 0 0
黎 557 136 324 72
剑 8 95 0 2
瑕 1 6 0 0
量 44 490 4672 6
乙 29 26 0 0
还 2169 4873 173 24
焚 3 22 0 0
仑 0 14 25 5
履 132 29 0 0
照 618 231 784 0
齐 224 239 102 69
险 30 152 619 47
烽 16 9 1 0
哪 301 203 0 0
寓 23 44 0 0
婿 0 8 17 0
杳 3 4 0 0
葵 0 18 1 0
轿 0 31 0 9
壕 0 16 0 0
琵 5 0 0 0
遽 0 3 0 0
长 1892 1439 6502 278
盾 0 7 441 0
趁 0 39 0 0
漂 41 55 0 0
暇 0 28 9 0
窨 0 2 0 0
希 1499 272 3 5
骏 14 22 7 0
躬 0 6 10 10
疑 79 65 216 39
吐 15 52 35 0
邓 384 87 0 0
厕 0 43 0 0
枝 19 84 22 0
唱 75 309 168 0
隧 32 0 0 0
锦 250 107 0 53
菩 8 3 0 0
沫 0 16 10 14
猪 30 176 70 6
戴 88 142 33 2
康 120 164 450 2
禹 1 35 0 0
砸 4 30 0 0
钻 78 79 0 0
势 244 147 2002 24
汀 0 8 3 2
紊 6 8 0 0
毅 61 90 95 66
橄 5 0 0 0
坠 13 22 0 1
峋 0 0 4 0
忍 46 49 28 0
幌 0 10 2 0
奎 0 40 23 56
呐 12 3 4 0
青 2044 305 87 224
剔 8 2 8 6
仗 1 38 33 0
赖 4 51 109 11
拟 40 73 53 0
巡 115 38 0 0
屠 30 10 0 6
形 2795 187 149 37
寥 19 2 11 6
啦 0 58 0 0
鞋 7 167 4 1
若 137 355 59 2
俭 0 32 163 59
蹬 0 24 0 0
旱 50 104 62 0
想 495 1172 2757 30
椒 0 23 14 0
绷 0 8 0 0
姹 2 2 0 0
勿 0 26 0 0
洁 22 105 33 75
赁 0 1 208 24
愉 107 14 0 0
铭 15 99 53 2
猖 20 0 0 0
咐 0 0 12 0
垒 0 28 30 0
猕 0 15 0 0
渗 56 14 0 0
扮 28 13 23 0
朝 630 234 55 262
舟 1 56 19 0
锚 0 9 8 0
骤 8 36 138 0
储 297 75 24 0
京 111 388 3346 678
祠 0 9 3 0
撰 103 18 0 0
耳 39 148 5 159
茵 0 12 3 28
粟 0 11 1 0
帷 7 3 0 0
夹 17 64 0 0
吻 10 15 0 0
嚼 0 4 5 0
爿 0 2 0 0
饴 0 1 0 0
流 967 570 774 120
桃 0 42 18 1
菊 0 89 5 4
潍 16 3 0 0
屋 32 107 159 9
噶 0 4 0 9
镑 0 0 57 0
铐 0 3 4 0
道 1111 628 3492 317
单 2607 294 302 31
度 69 468 4803 85
跖 0 2 0 0
棘 20 12 0 0
葛 36 56 5 23
诚 144 70 260 9
畜 137 57 65 0
嗦 0 12 0 0
部 5665 1086 7516 1391
豫 1 41 36 0
只 2463 1174 66 3
潭 0 27 26 6
们 0 2096 13644 0
侩 0 0 1 0
恳 22 33 26 0
拴 0 11 0 0
她 233 1874 0 0
寺 50 73 10 0
盼 31 28 5 0
剿 3 5 17 0
苔 0 6 2 0
沁 3 31 5 0
瘁 0 0 9 0
贪 44 32 0 0
悉 9 13 270 0
愈 24 126 57 17
戊 0 2 0 0
， 0 193592 0 0
宏 262 111 25 5
唐 102 279 1 0
侗 17 3 0 0
裘 4 13 0 0
怅 2 0 8 0
薛 29 51 0 0
蜜 3 43 19 0
素 431 173 482 15
骥 0 12 2 0
瞧 6 31 2 0
否 490 14 509 0
爪 0 8 0 0
亭 4 88 12 1
讯 0 1748 392 321
抵 536 99 13 3
德 241 1385 1193 960
夸 33 53 0 4
喻 6 24 21 20
隽 8 2 0 0
眼 460 279 191 3
县 847 2382 1381 0
逾 12 52 0 7
捣 6 7 0 0
蹂 6 0 0 0
摆 193 208 4 0
慈 7 38 31 14
绍 24 81 839 49
档 87 41 91 0
哑 0 37 3 8
迢 1 14 0 0
脏 7 42 33 15
俗 8 58 211 12
裙 1 23 0 0
杜 56 150 5 77
峡 17 68 116 0
幢 0 67 0 0
童 13 123 378 2
孤 125 45 0 7
韧 0 8 18 10
全 9307 980 1663 622
淫 0 10 3 0
剪 81 35 13 0
佬 0 6 0 12
误 85 74 708 0
数 1134 433 1547 232
至 655 1120 845 25
祸 1 23 14 0
闻 114 122 1100 166
空 898 401 493 41
国 14954 2613 27123 1486
灾 151 139 135 48
谁 42 495 0 2
把 117 4636 0 12
盂 3 9 0 0
碎 1 57 68 4
向 241 3569 1563 110
盅 0 11 1 0
众 234 102 2729 107
果 202 238 3292 26
挟 0 14 0 0
红 320 670 95 77
娥 0 13 1 0
室 160 309 655 0
闪 70 64 3 0
钦 28 31 20 8
倩 0 9 0 0
熨 0 3 0 1
贫 643 41 269 89
努 1287 91 0 126
中 15725 11127 3089 1955
萱 0 4 4 0
新 9435 5252 1145 106
舵 0 11 0 0
蹈 0 10 155 3
画 363 418 403 29
怜 0 3 20 0
豁 11 36 0 0
淀 0 24 27 0
评 1091 194 725 17
蝇 0 1 6 0
蛾 1 10 0 0
懈 0 15 68 13
忌 0 42 16 6
魏 25 96 0 0
风 1051 754 914 102
盒 13 44 11 0
叔 13 18 14 11
佗 0 0 3 0
衙 0 15 0 2
敛 0 3 8 0
柜 1 97 10 0
损 603 61 233 2
胞 0 50 362 0
屡 22 55 7 0
绢 0 12 0 0
瓦 108 339 316 144
赫 49 125 36 41
约 240 877 1684 33
獗 0 0 8 0
森 269 197 53 13
葱 7 18 7 6
曲 135 274 351 21
援 265 105 279 12
彷 3 2 0 0
项 1306 1949 1716 0
秸 21 3 0 0
竺 0 5 4 0
白 575 529 286 66
卿 0 19 120 0
鲁 218 276 89 416
撇 0 13 0 0
莉 1 26 4 1
戈 242 125 111 5
脊 4 25 12 0
阐 122 0 0 0
冕 0 15 1 0
途 279 37 310 13
搜 79 20 0 0
悟 13 30 82 0
御 5 36 106 0
索 85 352 510 4
妥 120 28 17 0
堤 8 42 15 0
钧 0 27 21 0
玩 74 93 8 21
刨 0 22 0 0
享 258 49 13 0
吆 5 15 0 0
谬 6 22 0 0
梯 8 42 21 0
肉 41 179 104 33
芳 8 179 44 1
鳟 0 1 0 4
容 329 162 1041 51
示 199 118 1942 4
琼 0 58 46 11
匾 5 13 1 0
迁 23 94 36 4
驴 2 33 0 1
赂 0 0 4 0
觅 0 20 21 0
濡 0 4 0 0
杆 0 67 23 0
揉 0 9 0 0
扈 2 3 0 0
腊 16 32 152 0
限 586 91 482 80
燕 32 95 5 3
泗 1 14 0 0
毙 3 13 25 0
蛛 0 27 0 0
楚 30 88 213 4
惟 0 11 0 8
捞 1 77 0 0
忡 0 0 9 9
竣 53 1 0 0
姥 3 0 3 0
铧 0 4 4 0
坦 247 122 869 68
叩 0 11 0 0
殴 0 9 7 0
武 1410 356 127 315
柱 0 63 95 2
俩 0 90 0 0
拳 30 32 10 0
敲 11 67 9 0
懵 0 7 0 0
对 3163 10424 2213 258
饺 10 0 0 0
闽 3 40 0 0
呼 606 120 23 6
獾 0 1 0 0
企 5584 25 25 648
耻 0 31 0 2
涂 26 108 47 0
椅 13 33 23 0
辗 12 5 0 0
按 668 844 35 0
膊 0 0 22 0
隐 29 79 0 0
焕 46 57 1 19
炔 0 0 2 0
辖 0 31 33 103
莞 0 0 5 10
纠 392 23 0 0
娣 0 7 6 0
颤 28 14 0 0
吧 0 256 7 0
垦 33 23 55 0
猩 0 6 1 1
动 1115 354 6947 1322
购 442 215 315 19
议 886 149 6271 216
朱 168 271 4 0
刽 3 0 0 0
肴 0 0 28 0
诈 0 25 0 9
骸 1 5 11 0
阻 195 74 49 0
逞 0 3 16 0
什 1270 119 26 364
摇 38 60 62 0
捉 0 25 39 7
懊 1 1 0 0
杉 0 22 0 23
鳌 0 4 0 4
弛 0 1 19 0
坑 17 78 11 0
盐 36 84 6 5
踢 13 37 0 0
汗 28 73 593 5
歙 2 0 0 0
窥 2 12 0 0
敝 2 4 0 0
巢 0 25 0 0
祥 0 206 39 16
壤 0 16 146 0
韦 33 93 101 14
琦 0 46 5 0
赭 1 0 0 0
曰 0 33 0 0
艳 0 68 52 1
慵 0 2 0 0
筹 225 27 132 10
登 371 204 203 1
哼 3 10 3 0
避 213 95 61 46
躁 0 8 18 0
茁 3 1 0 0
殃 4 5 0 0
截 132 66 25 7
梅 35 299 130 68
文 5611 1236 883 811
昆 163 46 46 0
抉 17 3 0 0
纭 0 4 0 4
律 78 43 2228 313
鲍 7 34 0 1
福 403 304 170 25
税 379 303 434 16
皑 0 4 3 3
炕 13 7 0 0
世 2970 291 338 437
舞 320 161 182 55
张 459 1821 898 72
宣 1685 75 0 29
喧 11 21 1 0
瘦 33 38 0 0
助 156 113 1549 163
倪 8 42 10 0
贬 36 24 0 0
缉 7 19 0 0
嘲 7 10 0 0
鸶 0 0 1 0
瞻 20 16 4 2
钽 0 5 0 0
仁 5 224 153 0
颓 8 6 0 0
求 134 275 3464 255
装 535 293 815 292
柠 5 0 0 0
拉 451 1243 427 1805
聊 20 23 0 5
嵌 0 9 13 0
耘 0 1 24 0
监 688 114 9 0
坐 51 285 38 0
兔 9 135 2 1
湖 589 302 59 0
遥 68 26 6 5
蓝 65 77 11 0
迫 205 42 173 16
杰 148 211 41 14
腴 0 0 6 0
巷 0 66 4 7
并 619 4082 47 4
竹 35 191 27 5
倾 215 65 8 0
啼 8 7 0 0
凿 0 27 0 0
丁 1 259 13 31
沂 0 48 0 1
栅 0 3 0 3
榄 0 0 5 0
孔 66 142 3 6
授 190 41 588 15
弋 0 4 9 0
掖 10 6 0 0
夏 156 221 117 2
〕 0 17 0 0
洗 114 218 8 0
望 6 374 1934 8
萝 14 5 0 0
斜 6 30 22 0
感 1528 398 490 38
鸡 28 156 38 2
鬣 0 1 0 0
鲢 2 0 0 0
利 2990 799 2944 1637
厨 51 5 0 0
伫 8 0 0 0
邪 11 12 0 8
谭 26 38 0 0
悚 4 0 0 0
蒲 8 25 0 0
氟 0 13 0 0
晰 0 4 55 0
宸 0 3 34 0
圻 0 5 4 0
疼 16 27 13 0
儿 500 322 556 163
激 758 46 123 0
衅 0 3 34 2
规 2807 65 368 251
扉 4 3 0 0
惊 133 87 58 0
籍 0 142 221 0
奏 23 68 153 4
卓 102 43 0 6
燔 0 2 0 0
他 5024 9678 878 3
橙 0 10 0 0
棚 2 47 15 0
苞 0 2 3 0
幡 1 4 0 0
翠 15 30 6 2
季 170 150 229 2
秤 0 25 1 0
物 1601 395 2143 195
叨 0 9 4 0
缚 0 4 59 0
致 628 241 855 129
延 304 85 81 5
驹 0 21 0 0
寸 1 26 25 0
命 320 129 1557 141
睐 0 2 15 0
勾 15 22 0 0
退 365 203 139 42
璃 0 7 101 45
瞅 0 11 0 0
骇 0 6 0 1
弊 76 46 28 0
舌 0 30 10 0
催 13 55 0 0
且 11 90 1307 0
疙 7 0 0 0
宝 182 398 51 102
娜 0 117 2 32
麟 0 21 26 0
谨 43 29 26 12
炫 9 3 0 0
伪 64 46 15 0
爬 0 85 0 1
键 17 10 354 15
岳 42 59 5 0
徵 0 5 0 0
芷 9 4 0 0
方 5838 580 4804 1068
机 3539 810 2466 262
讽 0 38 0 0
亿 39 822 695 54
派 375 651 550 1
铃 17 31 6 10
附 323 104 1 0
屈 55 62 13 7
惋 13 1 0 0
圹 0 2 0 0
泓 0 6 0 16
乔 56 151 1 248
狗 3 41 0 0
员 0 499 7983 2146
坚 2866 65 14 27
寝 0 11 0 8
统 2491 137 3370 67
换 57 285 416 18
查 267 334 2302 68
晤 0 9 221 7
烫 3 25 0 0
班 235 425 444 401
盯 0 36 0 0
念 32 98 1330 73
年 2707 6548 15983 1069
摸 86 99 1 0
诽 7 1 0 0
仿 83 43 23 0
邀 452 34 123 0
球 121 526 915 221
厂 1105 1833 1851 1
的 430 142508 2140 141
娇 4 21 1 0
馆 17 278 879 0
羊 52 171 28 6
昏 15 26 20 0
转 1084 529 429 5
谓 0 33 368 0
懂 143 145 6 1
五 1517 1633 1308 789
列 654 226 1168 276
错 599 115 144 14
确 953 159 1366 21
窜 0 22 15 0
鸟 1 144 5 2
悠 93 5 11 0
探 622 122 97 0
贩 78 28 44 4
篆 17 8 0 0
垄 47 8 0 0
疮 0 2 0 2
失 776 259 638 20
碰 50 53 1 0
户 70 725 975 45
改 6329 483 299 30
蒸 9 57 0 0
螺 6 19 0 0
趾 0 6 0 0
允 300 15 1 66
参 3203 127 79 51
雄 125 101 235 1
姆 0 227 181 24
配 683 450 450 16
恋 36 48 2 0
蓦 5 2 0 0
捍 30 1 0 0
拌 0 4 7 0
虏 0 0 31 0
毒 103 72 182 11
何 336 306 1227 48
仔 52 32 0 0
奸 0 7 35 0
留 415 362 372 11
孝 12 59 11 89
州 11 481 1213 161
惠 24 139 202 52
董 81 95 0 0
来 2290 4572 7631 620
触 88 27 283 0
浩 17 83 16 28
注 1084 100 222 87
火 479 500 430 97
迪 31 193 68 61
独 766 188 104 15
谏 0 7 0 0
问 6638 573 1815 81
饱 44 64 71 0
声 853 640 443 43
米 48 959 621 173
酉 3 3 0 0
维 1065 578 136 144
湿 15 36 8 0
疃 0 1 1 0
隅 0 10 0 0
霄 0 9 35 0
宇 118 75 31 0
堆 34 125 16 0
粉 94 122 11 6
憋 1 9 0 0
鏖 8 0 0 0
萎 0 23 2 0
褐 10 4 0 0
井 44 289 69 14
演 1050 174 387 28
咙 0 0 3 0
甘 233 113 46 14
窝 3 53 0 1
龟 1 25 0 0
股 428 256 53 0
质 1165 180 1697 149
个 1563 7622 9658 122
碱 3 19 16 3
〉 1 19 0 0
纵 151 44 19 4
缴 105 40 77 0
获 1130 447 313 0
耶 19 93 5 50
攸 0 11 0 2
榻 0 11 4 0
俞 1 21 0 0
厮 5 1 0 0
便 172 693 589 8
嘴 36 108 3 4
郁 20 36 29 6
荡 2 68 92 6
剂 7 132 71 0
雅 75 177 30 23
篇 51 349 111 76
渍 0 16 0 0
鹊 0 7 3 0
拍 102 164 35 0
柏 53 52 19 6
滕 57 27 0 0
受 1411 719 1362 3
簸 0 1 12 0
啥 0 82 0 0
孜 1 47 6 1
翟 1 30 0 0
属 296 246 618 0
胡 221 301 6 4
缺 630 272 206 0
狭 20 26 0 0
饰 0 45 115 4
绵 32 14 14 0
恶 191 84 32 5
智 254 185 107 41
歼 24 29 15 0
、 0 44180 0 0
冀 3 41 4 9
阅 83 53 76 0
瞄 14 6 0 0
领 4780 188 596 64
尉 2 8 0 0
床 24 119 189 3
舍 24 106 174 15
掌 411 44 29 1
树 353 473 323 37
丕 0 8 0 73
北 4352 492 1007 302
喘 2 15 0 0
宜 21 94 228 18
弟 37 40 156 36
怡 2 26 4 0
抢 219 180 14 0
春 658 524 422 38
欧 1149 278 447 0
梦 41 173 5 12
涨 103 44 135 0
溪 0 110 16 12
媲 13 1 0 0
讼 0 84 1 0
沾 8 27 0 4
净 25 124 38 7
啃 0 14 0 0
狂 52 89 15 0
际 2 42 4083 306
魇 0 1 1 0
屉 0 4 10 0
母 145 162 135 17
廊 0 37 47 0
才 706 1031 874 73
菌 0 57 31 4
擎 0 5 6 0
桑 12 111 47 218
鸦 10 5 0 0
浓 96 99 0 0
返 118 86 58 6
南 2385 1059 1396 535
鲟 0 18 0 0
囚 0 12 1 0
鳞 0 13 0 1
凑 0 46 2 0
散 138 185 199 16
拢 0 23 9 0
歧 66 15 137 0
跨 50 183 0 0
八 880 878 599 709
仪 385 98 5 2
召 850 19 167 0
坯 0 8 6 0
哮 0 1 5 0
称 521 294 299 13
捷 131 147 44 1
胶 28 120 65 11
摹 0 13 9 0
烟 160 195 88 8
使 1152 3898 1129 83
泾 3 3 0 0
刀 0 148 21 43
鄂 12 48 0 4
各 5761 2115 6 128
颇 35 175 2 0
笆 0 1 3 0
徉 0 0 3 0
师 371 352 1175 79
芋 0 1 1 0
奖 560 417 342 16
而 1549 4161 1264 206
。 0 99933 0 0
气 934 480 948 172
化 865 763 6989 454
嘘 0 8 0 0
媛 0 7 20 0
甚 571 130 0 10
偌 10 0 0 0
甄 1 10 0 0
斥 3 50 1 0
梧 0 18 3 0
辩 118 22 30 4
劫 1 39 46 0
洪 65 299 40 21
箱 21 125 130 5
溉 0 0 60 1
纳 269 429 339 146
尴 3 0 0 0
· 0 2018 0 312
茶 111 142 15 0
格 159 418 1966 310
沿 312 111 60 2
漾 0 13 0 0
病 380 428 291 26
傍 26 7 1 0
职 2578 177 533 44
李 831 1251 35 5
译 23 173 179 0
仓 98 60 1 4
郗 2 0 0 0
卖 10 391 155 13
嘎 2 7 0 0
锻 114 10 0 0
糟 15 12 2 0
握 43 42 395 0
窑 0 58 0 2
慢 46 94 92 0
日 3426 1189 9213 409
警 337 165 285 0
往 556 317 1025 1
浪 295 94 47 77
凭 2 178 54 0
篱 3 4 0 0
驰 16 54 8 1
绳 17 58 0 1
饲 168 5 0 0
蟹 0 36 2 0
弘 9 5 8 0
犀 5 4 0 0
锅 66 67 4 61
咄 1 12 0 1
） 0 5819 0 0
肌 16 22 3 0
搏 32 70 23 0
檐 0 11 7 0
专 3066 205 123 83
沔 0 13 0 0
逗 15 17 0 0
疚 0 5 5 0
颜 70 58 1 2
羞 7 14 0 1
挡 0 36 12 0
撤 569 52 2 0
漩 4 0 0 0
亨 3 39 14 0
别 394 277 2480 24
炬 0 21 0 0
启 194 112 1 87
垮 7 25 1 0
鸳 15 1 0 0
涟 6 3 0 0
跋 20 7 0 6
补 436 235 173 21
达 1236 1745 1085 340
十 3836 1006 3184 3240
憨 4 3 0 0
畅 149 66 56 0
哄 14 32 0 4
密 444 199 403 24
终 480 110 321 0
手 1260 860 1729 66
蛙 0 30 1 0
背 155 195 142 0
翌 6 4 0 0
乓 0 1 41 154
角 258 191 132 28
隆 17 143 119 1
泔 0 2 0 0
遗 364 71 8 7
取 1842 333 2316 8
静 43 141 179 70
盘 6 273 219 18
祝 246 142 130 6
锤 0 11 0 4
捡 0 20 0 0
鳊 0 1 0 0
详 92 15 9 0
佩 117 93 54 148
滨 0 43 137 52
六 887 1122 739 497
矮 3 23 5 0
筱 0 12 0 0
平 1932 754 3199 340
揶 2 0 0 0
旺 53 96 74 34
棼 0 9 0 0
俾 2 1 0 0
犁 3 13 20 0
匀 0 8 12 0
适 1126 57 124 2
锄 8 6 0 0
妇 749 48 179 4
（ 0 5789 0 0
尊 384 72 26 23
缔 30 41 0 0
明 1380 855 3984 156
琐 5 20 3 0
输 207 122 462 23
薯 0 21 20 0
姘 0 2 0 0
隙 0 18 15 0
缅 49 8 0 0
额 17 167 928 35
夜 158 263 191 4
挠 0 1 35 0
亩 49 699 37 0
玫 21 3 0 0
炭 0 45 212 0
兀 0 1 4 0
阮 7 30 0 0
叭 0 14 1 2
舶 2 2 65 0
暹 36 4 0 0
携 68 27 0 3
举 2752 194 552 49
象 121 938 1699 37
埃 301 210 29 9
遂 0 58 12 0
铅 14 13 0 0
啄 4 1 0 0
穆 262 110 35 12
廉 48 86 1 3
届 37 1208 686 0
腌 0 10 0 0
族 0 137 2469 128
虎 9 111 43 7
法 3727 1548 5215 510
赔 84 9 19 0
剖 34 19 18 0
祜 0 1 1 0
诤 2 0 0 0
恢 540 6 0 0
珂 0 6 0 0
滩 17 62 56 0
轨 102 43 9 0
叫 53 374 80 0
豪 29 137 65 19
热 1220 440 71 27
酬 3 18 75 0
闯 0 71 0 5
扶 421 89 6 0
曹 41 178 0 0
读 595 313 139 0
摺 0 1 0 0
藩 0 4 14 0
楼 102 274 229 10
湾 0 53 781 1
琅 0 8 0 15
善 136 163 1164 34
备 103 128 2339 44
哦 0 29 0 0
很 675 3064 0 0
妖 1 11 0 0
耍 3 21 0 0
漓 9 8 0 0
袒 0 8 2 0
岘 1 0 0 0
筏 1 1 0 0
砝 3 0 0 0
瀛 0 6 1 0
庞 50 30 11 1
莠 0 1 0 2
肢 0 32 23 0
营 478 232 2033 331
斤 0 205 494 0
温 402 304 204 25
侨 104 92 107 0
猫 55 45 47 0
沪 0 91 0 0
冬 281 236 76 0
唯 209 130 0 5
皮 88 298 71 14
娱 82 9 25 0
宰 2 21 16 14
瘟 0 4 0 0
栽 129 83 0 0
贿 4 10 22 0
珀 0 17 2 0
烂 7 57 61 0
嗄 0 1 0 0
奇 156 326 166 12
迩 0 12 6 1
糊 32 18 69 2
恍 3 4 0 0
敏 84 126 70 24
酌 5 8 0 0
体 2928 660 3760 355
棒 0 31 0 0
汕 38 10 0 0
藏 261 184 370 10
酗 13 0 0 0
缥 3 3 0 0
筛 21 7 0 0
硝 16 6 0 0
姜 20 91 0 0
澜 0 37 14 22
绞 0 8 0 0
揠 0 2 0 0
藤 7 33 20 0
筐 0 15 0 0
卫 751 161 389 153
泪 3 97 31 7
灭 27 84 143 0
目 3190 202 2085 84
驱 85 46 18 8
巴 1843 743 176 1042
慷 2 24 0 0
虹 4 34 18 0
死 260 632 14 18
羁 0 4 1 0
邃 0 1 18 0
厅 43 220 221 0
一 21664 17706 4646 2672
蒋 46 81 0 0
融 137 111 399 23
昌 27 235 112 50
豹 0 6 3 0
谐 5 8 61 0
梓 0 17 3 0
写 426 847 277 1
倘 25 15 0 0
岛 41 198 489 13
帜 0 7 52 109
窟 0 15 11 0
患 272 89 35 0
讷 0 3 0 0
接 1859 257 924 44
产 4142 549 6334 4204
账 0 51 10 0
霆 0 2 6 0
鞭 120 20 0 0
犯 459 177 237 0
厉 12 49 92 0
碳 4 33 6 0
宵 10 30 5 4
收 1996 570 935 535
耸 17 11 9 6
治 685 270 2913 1107
挺 10 59 4 0
辽 274 53 0 0
呀 0 106 0 0
织 13 69 3426 268
秉 0 56 0 2
遭 335 104 10 0
苏 2411 954 237 134
慎 55 11 91 0
跑 84 274 38 1
霭 0 4 1 0
毕 547 56 44 2
盗 87 65 10 0
镖 0 0 3 0
博 484 154 51 35
姻 0 3 127 24
竟 68 242 190 0
神 195 268 1383 474
浦 1 45 0 22
表 3324 288 3384 1021
歪 91 17 0 0
短 496 334 208 0
噬 0 1 4 0
煮 0 30 0 0
己 0 110 2669 15
壳 0 58 0 0
署 16 91 516 0
穴 7 16 9 0
泻 0 10 0 0
捺 0 3 0 0
追 445 192 10 0
倔 2 1 0 0
锁 0 66 55 9
咀 5 0 0 0
逃 51 77 5 0
垂 9 44 6 5
包 1419 364 597 141
粗 62 110 3 0
郭 40 273 0 0
萋 1 0 1 0
６ 712 1854 420 2188
服 2147 184 484 28
蚌 0 19 4 0
戏 293 295 58 2
公 5651 535 235 898
栓 0 20 0 0
鄙 0 14 5 0
厚 55 139 183 19
缝 42 58 26 0
府 0 120 4276 222
娟 0 29 33 0
组 3801 577 891 448
蔡 33 124 0 1
挥 42 53 1217 105
护 134 201 1608 160
丧 132 37 0 5
润 5 56 376 0
梨 5 17 0 0
含 196 124 62 9
圭 0 26 25 7
悸 0 2 4 0
掺 2 17 0 0
伽 0 52 0 0
浴 24 23 3 0
镁 0 6 0 0
羡 22 7 1 0
偃 2 10 0 0
寇 0 22 0 0
奉 149 83 8 51
浑 14 46 0 0
囹 0 0 0 2
桓 0 8 3 0
濒 40 8 0 0
彝 0 38 3 0
络 0 45 174 23
恣 6 4 0 0
裨 0 2 0 3
鑫 0 20 4 1
副 154 2085 0 73
燮 0 1 0 25
峰 4 208 127 10
孵 12 2 0 0
时 3601 3920 4674 81
腹 8 63 19 0
胸 55 55 9 0
乾 12 55 1 0
载 48 197 159 23
身 729 437 950 85
销 539 203 731 315
将 281 5087 499 5
斋 0 37 16 0
掏 12 26 0 0
怎 621 44 0 0
焘 0 2 1 0
刚 207 356 147 1
报 4029 709 4888 52
挤 18 163 29 0
侧 67 63 42 0
谦 37 28 221 0
殡 8 4 0 0
疫 29 13 137 1
横 257 137 41 20
环 951 249 115 11
逮 86 4 0 0
粱 0 8 24 0
踉 3 2 0 0
侈 0 2 13 0
脸 63 101 16 0
似 255 109 224 0
访 1384 302 618 11
栾 1 5 0 0
铁 480 322 232 38
镀 0 6 10 1
燃 189 45 16 0
奈 9 43 16 10
旋 97 44 43 0
描 176 29 7 0
赐 0 14 0 0
乒 219 24 0 94
矗 11 1 0 0
烙 0 7 0 0
绝 497 247 305 4
察 26 38 1044 266
塞 56 175 77 189
臣 0 46 144 0
夺 334 125 160 17
拥 442 31 9 1
牧 141 95 147 212
姑 214 49 0 0
痫 0 1 0 3
园 92 212 365 15
缓 374 103 25 0
可 4641 1795 584 354
遮 5 27 0 18
干 3360 603 519 254
惹 0 16 0 0
添 33 81 111 4
艺 1450 87 772 234
份 20 460 478 15
硫 6 13 10 0
诿 0 0 14 0
吁 0 8 442 0
喀 266 95 0 16
皂 0 14 4 0
玄 13 21 1 0
妈 60 40 63 0
茏 0 0 7 0
民 4788 875 8700 2806
互 530 225 362 36
咖 109 1 0 0
候 113 104 792 0
崛 49 1 0 0
帝 97 57 79 18
徜 3 0 0 0
增 5141 359 204 25
酱 4 12 0 0
沦 11 16 0 0
栩 13 1 0 13
甫 0 29 9 0
嘭 1 1 1 0
瞬 36 16 0 15
邮 279 95 16 1
就 2126 6404 474 57
纲 125 116 20 0
宴 248 29 83 0
活 2711 369 2994 124
丽 0 275 198 68
滋 48 38 0 76
直 1201 267 565 54
元 243 2964 1758 42
煊 0 0 11 0
刹 42 55 0 5
驷 0 1 3 0
掠 26 9 0 0
捏 0 22 0 0
胎 11 50 12 0
比 2970 1907 476 783
块 0 250 165 16
孟 127 129 1 0
飞 745 411 114 53
葡 270 190 0 2
无 2030 1250 155 292
轧 23 53 1 1
桩 0 32 0 0
山 1308 1371 1019 134
踩 0 29 0 0
女 978 783 1081 11
辨 26 32 3 13
茫 28 3 26 0
梁 95 103 76 4
内 2041 1542 1969 643
缆 0 19 54 0
安 2686 626 1009 280
萌 8 9 1 0
熬 0 15 0 0
辑 7 34 237 47
渐 55 57 169 0
誓 0 38 20 0
洒 0 48 0 0
锯 0 7 0 0
刘 386 804 0 0
鸭 0 98 0 1
四 2041 2836 760 413
碟 0 9 0 0
缄 2 2 0 0
凄 3 15 0 0
映 8 62 849 1
沧 12 12 2 1
伦 173 151 19 105
让 43 1118 134 0
听 607 447 133 0
献 259 105 913 27
媳 35 15 0 0
破 583 202 640 76
莹 0 8 17 0
舸 0 1 1 0
款 118 193 948 2
陀 0 20 0 14
勃 58 40 156 48
蛋 43 80 44 0
压 560 323 221 15
嫣 0 1 0 2
澍 0 0 0 1
捎 0 14 0 0
近 928 1718 1800 27
乐 404 292 639 186
桔 0 21 27 0
哗 0 31 0 0
靖 3 49 5 17
叙 283 152 0 6
绛 0 3 1 7
党 3519 3179 2145 506
川 3 149 265 133
食 556 266 980 71
锐 39 17 100 0
拣 0 30 0 0
敢 82 205 70 0
缛 0 4 0 0
车 637 638 1572 123
餮 0 0 1 0
睦 21 2 23 0
闭 150 56 162 0
烯 0 16 22 0
棺 4 7 0 0
忱 0 4 20 0
珩 0 7 9 0
戒 29 48 0 0
蝶 0 10 6 0
任 2208 557 2106 592
腺 4 14 4 6
朔 1 32 7 0
省 800 1002 2744 13
刃 0 31 0 2
酪 0 2 5 0
算 51 381 800 356
簇 9 12 10 3
嬉 0 23 0 0
莎 35 54 2 0
休 124 91 261 0
源 95 210 1341 52
吗 0 394 0 0
匙 0 3 34 0
渭 3 31 4 5
鲜 241 89 778 208
实 6908 355 2705 439
蜡 2 32 0 0
肤 0 18 37 5
氧 65 74 17 15
侦 77 8 2 0
瘫 34 12 0 0
锭 0 17 13 0
咬 3 36 0 0
玮 0 1 1 0
弱 48 166 281 6
稳 1003 120 36 0
架 52 409 92 0
芸 0 7 14 0
主 6377 381 2178 5845
吞 34 45 10 0
洽 88 10 35 0
设 2366 235 4337 93
睁 0 36 0 0
雀 0 26 10 0
痂 0 2 0 0
充 1107 100 148 0
郄 4 0 0 0
忆 0 24 98 39
等 461 5838 799 331
晋 82 61 27 21
姊 5 1 0 0
凌 98 58 6 0
佑 0 13 0 12
裔 0 18 46 0
勘 103 7 2 0
寞 0 0 17 0
条 2007 1596 125 152
扣 64 146 6 0
既 207 757 0 21
腥 1 7 0 0
癫 3 1 0 0
灯 73 224 110 0
叮 14 16 0 0
影 1344 199 627 24
绰 2 11 0 0
驳 2 54 18 0
已 1752 3715 277 10
饵 10 7 0 0
泼 9 31 82 0
课 351 196 213 1
需 2104 360 237 0
傅 9 81 45 0
帆 0 89 3 1
膏 2 43 0 0
戎 0 10 4 0
云 278 410 261 69
伐 6 84 175 120
态 471 142 735 0
疗 59 40 452 35
通 3373 611 1336 152
袄 0 0 6 0
肥 30 194 380 21
愤 38 32 22 3
涧 0 10 0 0
垫 0 36 0 0
株 5 126 0 0
锬 0 4 0 0
冯 86 145 0 1
刮 8 51 1 0
纱 5 60 1 0
害 36 139 659 30
头 254 1085 1166 51
抹 7 32 0 0
茸 0 7 12 0
沽 0 11 9 0
洼 13 10 4 0
雁 0 110 5 0
着 443 3464 1442 6
兄 115 23 0 0
叠 2 55 0 0
操 131 96 57 20
敌 256 159 38 0
扎 185 251 49 157
滑 129 122 82 5
佐 13 54 0 0
毓 0 29 0 3
忠 129 219 29 6
裕 0 56 141 7
楔 0 5 0 0
做 1406 1507 55 7
鼠 4 56 44 0
租 295 61 73 39
杠 23 11 2 0
揣 3 7 0 0
渺 3 4 0 0
胥 0 6 6 1
书 1352 1016 1243 619
矫 17 15 0 0
哭 2 78 0 0
凯 32 94 1 3
彰 0 14 186 16
奴 24 11 6 0
旷 12 11 0 4
晶 37 103 28 0
苹 51 0 11 0
恺 0 12 5 0
泽 0 161 85 267
阁 0 76 130 1
磁 76 131 15 0
崇 148 58 12 0
庆 189 338 246 57
守 76 171 426 79
朋 373 10 13 77
萍 0 99 28 0
斌 0 100 10 2
意 2829 389 2300 170
丑 58 46 1 0
辐 55 6 0 0
蠕 3 3 0 0
皖 0 25 1 0
则 0 875 2073 25
厘 91 10 0 3
； 0 5216 0 0
尝 54 68 39 3
吼 0 9 0 0
够 5 47 886 0
骞 0 1 2 0
挣 27 47 0 0
急 294 211 276 21
货 718 405 231 189
亦 0 158 0 4
讨 1070 28 207 41
堵 47 41 0 0
速 518 86 743 36
船 237 405 187 35
肺 11 39 0 0
秋 82 207 72 57
椿 1 10 0 0
千 374 385 1351 896
酷 20 23 35 0
嵇 4 0 0 0
细 278 199 167 27
婉 16 14 7 0
磊 0 10 24 14
运 2463 519 437 452
桕 0 0 8 4
镗 0 2 0 0
盖 21 231 122 27
牙 1 98 362 175
变 1356 666 1224 21
僚 0 24 0 70
祟 0 3 3 0
竞 909 30 5 1
蟠 0 3 0 0
荣 370 263 440 81
哺 7 10 0 0
赧 0 0 1 0
滦 1 4 1 0
辄 0 2 4 0
酯 0 4 5 0
狮 55 24 22 2
翰 0 73 0 5
页 0 162 4 0
批 1169 861 416 69
轻 466 235 396 113
胺 0 7 0 0
汽 603 46 21 50
西 2990 802 1491 940
禁 205 101 88 8
砀 2 0 0 0
搂 0 9 0 0
待 162 133 743 399
毗 9 6 0 0
喉 9 17 13 0
合 3575 440 3570 1163
袋 3 61 32 0
亏 186 126 97 0
耐 82 68 4 10
枕 0 12 0 0
昔 37 26 0 0
窗 103 67 81 0
外 4157 1250 2750 419
嶙 4 0 0 0
尘 3 63 10 4
： 0 7529 0 0
欢 931 104 154 63
两 693 6096 83 128
斩 0 18 0 0
萨 97 336 74 175
未 571 604 268 80
箭 0 43 78 0
纯 108 147 83 6
钳 5 7 0 0
阴 87 77 22 12
永 246 303 25 91
伺 9 8 0 0
莽 5 10 9 0
璋 0 11 6 0
放 951 446 2192 538
私 197 180 337 18
础 0 4 1041 58
魂 0 48 58 0
必 2295 126 205 41
鹄 0 0 19 0
勇 208 155 115 16
兆 12 71 4 67
呈 69 64 29 1
棋 187 130 221 22
坊 0 80 33 11
词 21 291 171 2
济 116 100 6715 923
恐 189 36 16 0
蓓 0 24 2 2
荒 157 143 9 0
虔 14 3 0 0
祖 828 205 2 11
以 6440 4638 3699 212
烛 7 14 0 0
罚 2 67 106 6
剜 0 1 0 0
盟 82 111 553 22
泣 0 15 0 0
止 10 124 1113 1
迥 1 9 0 0
早 477 518 102 0
士 210 267 2034 173
马 1348 1177 179 412
黯 4 3 0 0
絮 2 11 0 0
灰 9 74 26 9
韵 14 64 7 0
墁 0 1 0 0
伏 20 68 56 5
淹 13 10 3 0
箕 0 0 0 1
揽 1 38 21 20
扼 6 14 0 0
替 32 92 142 0
蕾 0 9 1 0
噪 0 51 0 1
％ 0 55 2205 0
庄 50 192 167 6
切 460 152 1469 130
针 423 134 847 4
栋 0 79 19 0
踏 77 66 15 43
脑 65 94 546 0
熙 0 81 9 0
排 358 456 806 14
首 1800 768 150 13
粘 13 33 0 0
逛 0 32 0 0
龚 38 36 0 0
队 706 1394 4502 37
谣 0 20 5 0
订 112 179 645 0
交 2412 439 894 611
腰 20 62 1 2
枪 56 194 70 0
鸯 0 1 15 0
鄱 8 0 0 0
草 566 263 229 10
琳 15 22 5 0
玲 6 104 10 15
费 353 578 1358 243
沸 16 15 0 0
总 5621 1035 1 78
挽 54 22 0 0
押 8 58 75 0
祁 4 10 0 0
寂 17 18 15 0
黄 704 728 16 27
片 99 663 1295 2
准 902 116 1137 18
哈 426 343 3 203
乏 0 18 374 0
插 55 95 5 0
穗 0 15 0 0
陟 0 0 2 4
棠 0 38 3 0
询 57 3 256 0
级 32 314 4123 97
执 1169 71 22 36
懦 2 0 2 0
填 55 64 0 0
差 316 371 219 0
共 3376 1130 517 831
味 32 159 222 108
史 253 419 1760 80
围 423 124 708 0
腕 0 6 7 0
俺 5 45 0 0
拼 1 38 0 2
颁 164 17 0 0
弄 65 140 21 0
率 163 425 1004 0
逆 101 63 0 0
钉 0 44 0 0
侏 4 0 0 0
舒 257 86 0 2
蚕 0 32 0 0
仡 12 1 0 0
宗 250 147 21 53
砖 41 77 0 0
岙 0 2 2 0
军 3059 710 3526 244
帚 0 4 0 2
劝 45 78 4 0
猜 10 40 0 0
龄 0 121 212 38
趣 33 47 372 0
溥 0 2 0 1
伤 164 243 357 0
控 727 98 33 0
… 653 2 652 7
第 5405 549 1 1
瓜 18 179 226 0
邱 4 49 0 0
焰 0 33 15 0
殷 35 30 0 0
油 331 480 924 53
贸 1188 76 459 76
膻 1 1 0 0
为 3208 9587 7965 87
抽 287 63 0 0
壁 2 112 70 17
祀 0 1 0 0
嘻 0 8 3 3
哉 0 14 0 0
割 12 27 55 13
歌 396 277 161 8
俏 0 43 5 0
惑 0 20 29 4
腐 108 27 66 2
翘 5 18 0 0
扒 0 16 0 0
式 13 365 2793 51
峙 0 5 41 4
奥 349 307 6 62
卜 9 60 21 24
域 5 22 844 0
瑞 494 168 19 24
楠 0 19 9 0
滥 68 55 78 18
羽 21 110 5 4
绑 0 130 5 0
竭 52 24 5 0
兰 125 379 1123 378
牲 38 6 145 7
靴 0 3 0 0
请 125 653 754 119
桶 0 79 28 0
浸 2 29 15 0
臻 0 5 17 0
溴 0 2 0 0
码 56 37 72 0
禀 0 1 0 0
骂 0 46 5 0
帅 0 32 6 0
径 5 28 374 9
吉 333 252 11 92
漏 0 115 0 0
蔓 37 10 0 0
芒 0 39 9 0
昕 0 2 0 4
颖 0 17 70 70
初 623 430 344 0
真 1201 374 1094 6
璞 0 1 1 0
校 333 299 1434 0
责 1025 103 1030 750
严 2236 202 145 3
悦 6 31 41 7
夫 487 510 932 30
弈 0 2 9 0
扳 9 31 0 0
弯 6 44 6 2
粮 934 282 195 0
冰 311 215 48 82
申 251 69 235 0
劲 62 83 284 56
阵 421 76 176 29
土 768 392 546 54
人 14870 8044 9669 1057
蜿 12 0 0 0
秀 44 154 489 19
髂 0 3 0 0
幅 122 223 69 229
升 282 159 408 37
益 11 156 2444 10
住 481 490 464 11
陌 28 2 0 0
拒 266 56 14 0
晕 9 18 0 0
柔 9 68 20 5
字 75 582 756 28
渥 23 0 0 0
绚 6 24 0 0
坟 0 21 0 0
衡 63 85 361 0
淑 1 71 0 0
赣 7 9 5 0
捧 15 61 6 0
摩 191 138 23 6
旨 72 21 76 0
驭 0 1 14 0
凰 0 1 37 0
陵 6 112 7 1
偿 97 44 178 0
袅 7 2 7 0
汹 12 4 3 3
试 856 167 288 149
腻 0 9 26 0
板 22 233 178 11
宁 142 262 492 136
稀 64 54 35 4
射 85 140 244 13
缀 0 6 13 0
嘈 3 0 0 0
成 6649 1663 4755 319
蚓 0 0 2 0
颗 0 122 4 4
龙 87 430 90 291
帘 4 15 0 0
力 1227 613 6860 322
钟 75 243 244 12
霞 3 28 20 14
计 2313 246 2157 485
谤 0 2 7 0
昨 383 8 0 0
缮 0 2 13 0
到 605 6720 8432 23
疵 0 4 1 0
吴 347 536 2 0
边 688 355 686 7
游 860 174 360 155
贺 63 81 190 12
练 27 153 734 57
逊 9 42 14 4
迂 0 10 0 0
陈 669 753 4 3
行 3112 789 13095 489
低 258 642 423 32
摔 6 28 0 0
策 45 44 2800 20
忙 31 141 99 0
凝 98 49 0 17
停 532 291 36 1
哟 0 8 0 0
非 1361 567 1018 51
诡 1 6 0 0
代 3129 436 2518 1203
躺 0 41 0 0
汤 7 92 1 0
惧 5 29 0 1
晨 0 40 174 2
赦 0 0 13 0
硬 71 192 6 13
糯 0 11 0 0
置 36 84 620 7
叱 3 1 0 0
骆 17 34 0 0
桨 0 13 1 0
迹 48 59 201 0
钾 4 8 0 0
恼 1 13 48 0
松 65 285 336 41
布 378 487 1397 443
如 2405 1300 575 143
历 1956 99 307 3
眉 5 39 10 25
喊 13 66 42 0
植 274 102 320 71
氏 0 97 22 56
澎 11 4 0 0
挑 322 79 0 1
易 48 209 1647 204
嫂 0 14 0 0
９ 800 1371 249 6418
鹅 0 61 0 0
创 2328 258 89 73
炜 0 4 2 0
吟 6 26 1 1
俄 67 45 0 65
次 76 3332 3077 46
渣 0 52 0 0
津 119 115 337 133
性 435 1329 2821 34
暨 0 16 0 0
薪 0 33 0 3
缈 0 1 3 0
甜 41 80 7 4
阳 112 268 1090 185
冲 524 235 59 0
电 3432 3880 1001 412
样 118 126 3391 47
讶 0 1 22 0
悼 33 3 11 29
婴 65 30 6 0
魁 6 45 48 0
囊 6 38 3 0
遇 287 97 168 0
漠 2 51 45 8
盈 100 85 9 54
痊 9 0 0 0
迎 268 80 682 3
拐 10 17 0 4
晓 21 199 69 37
氢 2 24 0 0
绘 94 38 92 0
牛 57 170 51 11
酝 46 0 0 0
峻 0 17 76 0
酚 0 2 0 0
饭 239 218 198 0
屯 1 50 2 1
幼 150 82 47 15
危 627 60 19 4
媒 22 7 0 0
狒 0 2 0 0
衷 42 10 86 0
挨 4 50 0 1
突 1002 82 350 0
唁 3 1 0 0
堂 4 289 439 4
醇 0 17 0 0
分 3638 1311 3555 942
圈 38 103 82 22
残 253 160 33 5
吊 7 64 0 1
袍 0 7 0 0
与 377 5361 172 4
抑 63 20 18 0
怒 4 51 20 0
撕 4 17 0 0
陇 12 23 0 5
缘 17 64 44 1
玛 2 117 6 5
尚 153 266 105 57
疟 6 0 0 0
欠 6 104 19 0
辣 18 22 9 0
蠢 9 4 0 0
沥 0 7 0 8
贤 7 114 11 0
木 250 393 263 61
宫 90 176 270 5
帮 985 130 73 2
励 0 50 729 2
麓 0 13 6 0
颈 0 29 0 2
伸 63 41 31 0
肽 0 2 2 0
显 906 123 525 19
嫁 7 66 4 0
心 1114 830 3270 234
汪 89 80 4 0
采 2262 224 131 3
毋 3 18 0 0
告 563 122 1382 119
棍 9 22 0 0
浣 0 4 0 1
乎 0 118 510 18
苑 0 31 5 9
荐 0 17 81 1
染 15 106 281 20
恒 0 62 42 4
给 379 2397 431 20
叛 12 30 0 0
憎 3 2 0 3
郝 36 29 0 0
兜 7 25 0 0
癞 0 1 0 0
桢 0 13 6 0
泥 34 116 104 82
赤 181 33 0 0
杨 434 552 21 0
蔻 0 18 0 0
狱 0 33 26 0
印 728 323 65 5
音 447 333 195 92
畴 0 0 39 0
能 2006 2578 4651 332
腼 3 0 0 0
虾 0 34 17 0
威 306 172 260 226
简 945 120 104 1
弃 14 62 205 10
颂 15 34 35 0
癌 79 61 45 0
逍 2 1 0 0
钊 0 24 2 0
诃 0 13 0 0
于 285 3127 7556 108
我 9882 6099 316 55
蜓 0 0 8 0
猛 98 74 31 5
逝 136 32 18 0
农 6408 382 169 169
生 8651 954 6675 787
模 472 92 528 60
梢 0 12 4 0
涤 16 40 3 1
愧 0 8 57 8
芦 8 25 13 0
砭 0 1 6 0
累 71 88 209 2
爱 642 498 413 67
现 4959 316 4434 14
圳 0 0 180 0
傲 2 13 38 2
吵 6 20 17 0
丹 90 181 169 5
耽 15 8 0 0
政 10040 245 1875 1512
葆 0 8 21 8
居 650 297 194 17
衍 0 24 23 2
檑 0 1 0 0
赏 7 43 302 6
从 1338 5290 201 10
扑 20 66 7 1
提 6748 395 210 53
垢 0 4 6 0
套 4 479 322 6
竖 9 29 0 0
忘 139 110 79 66
回 1530 751 407 31
橡 70 12 0 0
佣 0 2 6 3
澈 0 3 10 0
淤 5 17 0 0
慧 3 55 60 0
苦 121 262 419 354
〔 0 17 0 0
姬 10 57 14 0
绮 5 7 1 0
台 888 872 905 94
靳 1 6 0 0
呵 0 77 0 0
间 137 614 4189 66
楷 5 6 0 1
俸 0 3 0 0
荻 0 14 11 2
链 0 20 14 0
曾 213 1296 34 98
境 209 218 1093 21
异 129 155 127 0
宅 17 14 166 20
娄 3 5 0 0
皇 86 57 20 19
唆 4 4 0 0
醉 0 35 53 5
〈 0 19 1 0
侍 0 22 0 0
椎 0 8 4 0
斑 5 26 7 0
蜒 0 5 12 0
店 8 314 685 3
崖 2 20 5 0
妙 0 97 67 4
涅 5 14 0 4
咛 0 0 6 0
阜 30 29 0 0
功 345 213 824 114
涡 0 19 19 0
讥 0 9 3 0
怨 18 30 55 0
鲫 0 6 1 0
挪 134 18 2 0
央 0 9 2073 118
炳 0 98 0 11
露 104 93 380 7
核 831 433 311 58
欺 47 33 0 0
昼 44 3 3 0
抿 0 2 0 0
脾 10 10 2 0
局 1232 943 1813 20
雇 26 31 9 0
商 2591 272 989 128
凉 7 67 12 0
半 308 694 298 187
乌 237 173 0 13
靛 0 4 0 0
扔 13 29 0 0
塘 9 70 34 1
垠 0 2 5 0
孚 0 21 0 4
缠 9 18 14 1
募 7 23 0 0
簿 0 15 8 0
淡 48 144 28 5
池 16 102 63 0
棣 0 7 1 4
潢 0 3 6 0
该 500 829 826 0
褒 3 8 0 0
敦 55 30 159 11
恨 0 36 20 0
荪 0 7 6 0
淳 8 7 0 2
端 124 118 291 4
饮 166 80 0 0
瑰 14 11 19 2
鉴 313 66 119 0
价 1227 426 1203 24
赶 263 118 17 4
茎 0 4 0 0
拿 237 414 11 310
腾 61 68 41 9
聪 19 44 1 1
骄 39 10 0 0
疆 0 29 302 0
焉 0 8 0 0
谋 71 132 80 157
伍 6 41 430 43
二 2697 1561 1682 688
蔑 0 25 27 0
夙 9 0 0 0
题 259 169 7015 0
君 28 120 23 0
定 533 492 8039 823
障 127 6 270 0
贡 736 39 0 0
昧 0 6 17 2
您 0 229 0 0
措 1193 20 10 0
缭 5 9 0 0
纬 0 16 8 0
妮 0 19 7 1
由 1666 2904 881 1063
论 484 319 2939 485
朽 0 8 64 0
房 274 387 659 4
憾 0 11 81 0
审 968 118 36 0
诊 86 53 32 19
魅 77 3 0 0
乘 193 209 26 0
光 474 758 553 132
烈 140 93 915 27
及 749 1165 2095 91
位 278 2213 3124 9
救 117 300 254 3
捕 95 97 138 0
拔 13 48 149 0
飘 17 82 0 0
瑛 0 32 2 0
燎 0 8 0 0
坝 0 58 41 0
牟 4 47 0 2
衣 70 216 39 104
顺 380 279 60 4
步 373 472 2834 51
旦 0 19 361 19
惨 15 40 13 0
揪 0 6 0 0
彭 164 105 0 0
驯 11 11 0 0
垩 0 0 0 4
卵 0 22 6 0
裸 0 12 10 7
戍 10 4 0 15
诺 82 296 128 62
曼 100 267 85 11
承 1493 180 209 10
岁 68 981 48 2
市 3114 1782 3719 96
骅 0 50 0 2
理 2249 279 7129 730
炉 1 132 71 2
趋 328 47 47 0
刊 231 67 433 4
撑 0 46 0 0
槐 0 28 0 0
貂 2 5 0 0
投 2617 188 2 0
得 1849 2299 4626 417
尖 87 55 2 3
墙 59 83 22 0
稚 5 11 17 0
霜 0 30 4 4
原 3858 762 377 26
馄 0 1 0 0
没 2968 611 34 54
瞠 6 0 0 0
丢 31 112 0 0
欤 0 2 0 0
肩 61 42 12 0
航 538 196 153 34
庭 33 103 661 21
鼬 0 1 0 0
鼐 0 1 1 0
钱 89 955 319 23
田 287 505 434 7
决 3219 142 3096 123
防 772 337 622 172
猴 8 36 0 0
谶 1 0 0 0
琴 5 139 93 7
秃 0 16 1 6
魄 9 14 13 0
呆 3 55 0 0
先 2283 522 1039 212
淋 15 26 0 0
削 233 41 51 0
仍 426 736 7 0
每 2010 759 11 0
荔 8 3 0 3
志 49 539 3271 202
痛 139 95 101 5
婚 225 69 245 27
叟 0 7 0 0
泡 10 50 0 0
赠 105 47 32 1
解 3863 150 1922 138
此 890 926 2166 171
掉 0 302 64 0
惩 42 3 57 0
慨 3 36 74 2
巫 14 14 0 0
续 6 73 2296 30
彬 0 85 1 0
逼 9 78 3 0
凳 4 33 0 0
陲 0 4 17 0
却 24 1393 19 0
迷 72 98 39 20
汶 0 10 1 0
裹 0 17 26 0
怕 0 200 241 0
封 371 318 20 34
证 687 319 1203 31
纂 0 6 33 0
娅 0 31 1 0
震 93 106 202 17
咆 5 0 0 0
选 1775 420 555 123
冈 10 62 12 30
洋 57 163 512 33
不 14170 10801 923 1359
斐 33 4 0 0
奂 0 0 1 0
扯 37 26 5 0
７ 734 1899 95 1780
岖 0 0 8 0
骚 3 12 17 0
溢 2 38 36 0
认 4012 72 592 0
膨 66 6 0 102
紫 33 61 11 441
荆 13 36 0 0
席 71 190 1821 146
爵 5 8 16 0
根 1897 395 579 196
攻 396 90 268 2
溺 3 2 7 0
肾 0 28 0 0
籁 0 2 1 0
悖 1 15 0 0
寄 61 168 24 0
均 53 367 677 103
测 225 67 322 37
乍 566 36 0 5
桌 71 69 52 0
鹿 13 71 0 0
粢 0 2 0 0
罗 283 636 112 85
糖 35 113 21 0
秘 549 26 76 3
镛 0 5 4 0
矜 1 0 0 0
污 215 46 39 2
珑 0 7 6 6
兽 31 41 2 0
擦 3 37 44 0
恩 95 194 152 112
鹭 1 2 0 0
壮 140 153 53 4
呱 1 2 0 1
痰 0 10 0 0
关 5428 355 4046 199
盲 192 25 40 0
牵 54 88 0 0
驿 0 15 0 0
虽 604 280 0 0
漫 76 73 29 12
征 219 224 270 10
窃 4 15 49 11
崂 18 0 0 0
禅 0 26 4 27
圆 135 117 39 0
玉 129 399 23 56
刈 0 2 0 0
事 3327 1183 3131 723
焊 10 21 0 0
荧 0 33 3 0
抓 578 611 61 0
— 1413 390 1413 0
岗 257 65 29 1
编 652 281 171 37
宙 0 1 76 0
娘 0 71 209 0
多 3110 8298 2718 567
喝 19 134 26 5
澡 0 24 0 0
渠 185 72 7 66
财 1373 228 43 0
朦 3 0 3 0
掩 78 32 0 0
纫 0 0 16 20
尬 0 0 3 0
蜚 10 3 0 0
劳 1442 181 113 93
甲 28 144 21 21
况 19 64 2671 5
坞 0 6 2 0
施 501 112 1927 3
肿 48 26 11 6
哀 25 21 4 0
翁 2 23 91 17
叉 0 19 35 1
版 71 307 676 376
介 848 43 63 22
庶 0 4 1 0
柑 25 2 0 0
虐 9 8 9 0
拓 7 55 179 34
联 4195 415 1999 88
盛 138 164 88 275
奚 2 7 0 0
瑜 0 40 15 0
绊 0 13 0 0
卞 2 6 0 0
信 1598 715 1088 84
习 322 106 1664 46
赢 152 61 0 0
僧 2 21 5 0
揩 0 7 0 0
矩 0 6 18 0
陨 21 4 0 0
！ 0 1757 0 0
娃 33 47 40 0
预 1041 123 113 0
弗 14 106 8 44
下 3039 3064 1756 136
熊 31 119 0 24
貌 7 36 291 0
栏 8 67 59 3
犬 0 9 1 0
愕 3 0 4 0
悔 8 10 10 0
嘛 0 52 18 0
轮 118 406 74 68
锝 0 0 1 0
借 290 233 50 0
褥 0 14 0 0
袤 0 0 6 0
萧 36 68 0 0
扰 20 23 121 0
抨 10 0 0 0
盆 48 65 4 0
崭 47 14 0 0
疲 41 21 0 5
谷 115 129 139 43
锰 0 5 0 0
蔽 0 36 0 0
撼 0 4 15 5
耿 48 31 0 0
轩 4 17 0 0
卉 0 5 62 0
狈 0 0 3 0
之 3161 3028 216 939
释 132 53 278 0
泌 0 4 12 0
淌 0 9 12 0
村 929 878 2045 12
打 1267 1129 246 5
慕 11 35 22 51
饥 37 23 8 1
孙 157 312 57 0
高 2989 2225 2999 62
姚 30 77 0 0
铜 35 193 0 8
裤 3 51 2 0
摧 66 6 0 0
拨 133 182 51 3
自 8876 1102 1086 177
篮 48 44 34 0
困 888 47 487 107
闲 57 90 6 0
兵 146 276 659 26
郴 1 13 0 0
歹 0 10 0 0
开 7355 1157 2161 402
它 485 2452 363 0
墅 0 0 8 1
处 1390 800 1008 40
喇 21 18 0 2
匈 172 24 0 0
例 232 264 593 0
《 0 4636 0 0
暑 3 57 0 13
莓 0 1 2 0
骗 22 68 47 0
钝 0 0 4 0
坛 0 121 103 0
熟 194 79 138 19
亡 5 75 251 20
传 1634 397 701 120
讣 0 4 0 0
谢 136 243 202 13
斧 0 18 14 0
茨 1 89 187 46
怪 7 106 91 9
岭 8 88 41 1
皱 0 16 0 0
地 6458 6849 4828 314
渲 0 15 0 0
邵 20 36 0 0
蔼 0 2 4 0
层 372 374 843 30
磅 5 33 2 7
症 11 82 74 0
陆 227 156 278 3
勉 25 44 2 0
午 20 52 1196 13
赌 30 14 2 0
材 545 121 786 229
摒 29 1 0 0
惕 0 10 46 0
腔 0 52 16 23
站 41 687 564 2
存 1022 244 368 30
矛 395 9 0 21
铝 36 61 3 0
镜 70 76 13 0
满 597 434 511 56
你 473 1176 0 0
诣 0 1 16 0
旧 93 584 127 14
晦 0 4 2 0
择 48 18 346 7
快 143 674 1049 0
恪 14 0 0 0
峭 5 5 0 0
积 2015 146 590 50
驮 0 10 0 0
囱 0 0 4 0
剩 121 52 5 3
右 57 149 411 8
醒 16 75 148 4
僵 49 32 0 0
兴 756 422 567 100
混 222 82 0 0
蹶 0 3 0 3
找 291 461 179 1
币 0 68 392 0
品 491 319 5608 752
笃 0 4 0 4
岂 6 45 0 0
妄 23 25 12 0
唇 0 13 14 3
皆 0 91 0 8
炊 22 23 0 0
涌 106 61 20 0
咱 31 41 0 0
蘑 44 7 0 0
析 0 14 545 24
撒 98 99 0 19
耕 238 89 69 0
官 623 263 150 12
喜 369 239 175 12
办 2195 1090 1512 14
渡 32 62 116 1
侠 0 12 0 2
欣 226 57 20 20
令 394 193 304 159
推 1740 164 0 3
缫 2 1 0 0
肪 0 1 10 0
夯 0 6 0 0
嘱 12 26 0 0
贷 381 77 165 6
溶 19 38 0 1
许 1825 227 551 26
蜻 8 5 0 0
落 956 371 247 11
愿 470 328 326 17
繁 528 52 87 24
硅 6 21 0 0
起 1860 1996 2310 33
镇 85 435 667 427
集 2093 381 548 89
又 0 3685 1 0
郊 114 49 102 4
跌 9 69 149 3
虑 0 18 546 0
某 695 294 0 0
擒 0 13 1 0
廖 24 49 0 0
败 50 147 233 0
睛 0 5 145 0
飚 0 1 21 0
嗜 0 6 0 0
秆 0 8 24 0
鲤 3 2 0 0
乡 1139 976 788 6
郜 1 8 0 0
正 3559 1060 1094 241
波 538 412 184 39
桥 62 164 113 5
扩 1075 43 0 0
即 528 682 467 0
哲 257 61 8 1
遵 335 21 0 0
酿 54 10 46 0
海 1911 796 1663 339
件 0 1123 2838 8
詹 1 21 0 0
诸 110 131 0 4
拾 11 35 21 1
腿 4 126 20 0
魔 0 52 0 1
